784.172058105
814.566528320
808.595031738
852.961059570
855.675720215
824.910278320
803.511718750
24.697639465
37.679340363
72.089134216
48.745552063
83.379837036
38.550769806
88.673919678
118.336227417
37.398948669
63.871417999
91.071342468
796.091613770
1387.174560547
1005.251342773
821.100097656
675.977844238
511.092041016
187.881088257
25.871284485
15.733928680
779.904968262
773.796447754
770.346313477
832.121826172
811.913879395
811.913879395
811.913879395
803.028686523
848.004760742
805.709777832
822.099914551
787.996704102
842.947326660
1007.032714844
891.239501953
938.850036621
879.252197266
937.480163574
775.625366211
775.597900391
1291.943603516
853.742187500
845.686157227
760.736450195
770.011474609
771.416442871
756.386962891
751.940612793
736.668395996
675.249633789
676.175842285
875.506225586
867.543823242
844.637878418
796.263244629
835.083374023
802.591796875
810.714782715
763.185913086
833.183776855
789.723571777
816.857055664
815.569885254
790.561096191
788.083923340
774.375671387
777.813171387
754.157043457
1000.863647461
903.377441406
968.745666504
985.789184570
997.568176270
980.788330078
979.982421875
808.298889160
801.115295410
801.115295410
765.451171875
764.473754883
936.206237793
974.926635742
975.330932617
936.919372559
868.076965332
1120.469848633
1140.910278320
671.150451660
717.782592773
692.881286621
665.630859375
681.874145508
959.343139648
960.070617676
915.742492676
715.865722656
671.030212402
1003.498168945
968.677490234
831.307922363
833.951843262
807.388488770
808.706237793
776.310852051
950.351623535
943.480529785
898.634582520
764.585937500
558.690490723
935.340026855
883.700012207
972.684326172
768.181091309
64.700630188
59.237144470
60.139286041
37.828643799
26.435213089
24.773889542
11.875644684
14.011908531
45.888473511
46.169998169
43.779998779
49.461399078
43.735107422
42.590000153
1728.763549805
906.468383789
659.599609375
438.362304688
417.838470459
547.989135742
170.284194946
686.148925781
923.512756348
1030.438720703
1257.070800781
1437.817749023
350.203094482
559.547790527
1157.038574219
619.729980469
507.883483887
1104.794555664
1678.746459961
1562.886596680
567.489624023
1161.566650391
514.031433105
488.827148438
1181.286010742
397.592651367
1425.116821289
385.963562012
361.240203857
1222.562377930
1243.953125000
1228.509399414
897.889648438
911.568420410
1126.553710938
921.746704102
864.651000977
863.860839844
1194.964721680
1203.173461914
1204.207519531
1169.794189453
1157.179199219
1144.820434570
742.539367676
986.605346680
992.252807617
979.216979980
897.258422852
886.076416016
936.446777344
926.463012695
850.546997070
771.306518555
767.104064941
729.284912109
1100.363037109
1104.439086914
1142.187744141
1142.795288086
867.588806152
865.213378906
857.617187500
833.616149902
814.969787598
815.861022949
777.127075195
733.553955078
733.419982910
733.419982910
1643.385375977
1361.487670898
769.061706543
694.923461914
591.221008301
514.496459961
166.822021484
730.368530273
735.283203125
807.447448730
544.876953125
510.398284912
513.046813965
199.237319946
166.148544312
1157.179199219
1648.695190430
1625.031127930
1625.031127930
1128.993041992
1128.526245117
1121.404418945
1381.266967773
822.221252441
727.247924805
590.625610352
371.148223877
324.657531738
545.500671387
516.799499512
415.587768555
605.823547363
580.466003418
701.547851562
697.980834961
686.614440918
540.734436035
521.347595215
591.210388184
532.684509277
490.331237793
442.678344727
728.294250488
725.704040527
754.956909180
774.488220215
