-120.84049
-120.84022
-120.84161
-120.84716
-120.83417
-120.85272
-120.86494
-121.22773
-121.2055
-121.1555
-121.19828
-121.14495
-121.18634
-121.14717
-121.11106
-121.19161
-121.16828
-121.15139
-120.89244
-120.6791
-120.77633
-120.84522
-120.89133
-121.003
-121.17356
-121.40662
-121.48913
-120.90355
-120.89939
-120.90328
-120.90744
-120.90466
-120.90466
-120.90466
-120.90411
-120.90522
-120.90411
-120.90467
-120.90355
-120.90522
-120.87939
-120.88994
-120.89161
-120.89578
-120.89772
-120.90217
-120.90272
-120.82633
-120.89244
-120.89467
-120.90355
-120.90383
-120.90411
-120.90439
-120.90717
-120.91161
-120.94133
-120.94133
-120.88939
-120.88939
-120.8955
-120.9005
-120.90105
-120.90906
-120.90933
-120.91272
-120.913
-120.913
-120.91383
-120.91467
-120.91522
-120.90494
-120.90494
-120.8955
-120.90411
-120.87994
-120.88078
-120.88083
-120.88105
-120.88133
-120.88855
-120.8905
-120.90633
-120.90661
-120.90661
-120.91022
-120.91028
-120.83522
-120.83744
-120.838
-120.83827
-120.83994
-120.78077
-120.78161
-120.93661
-120.93828
-120.94272
-120.90361
-120.95967
-120.84077
-120.84105
-120.84188
-120.88605
-120.89583
-120.82216
-120.82466
-120.89078
-120.89133
-120.89439
-120.89494
-120.89911
-120.88772
-120.90022
-120.933
-121.00356
-121.13662
-120.90889
-120.94361
-120.90133
-121.00967
-121.32191
-121.33395
-121.34274
-121.44302
-121.48235
-121.50966
-121.57747
-121.58195
-121.39639
-121.39806
-121.39806
-121.4
-121.40167
-121.40222
-120.58355
-120.81217
-120.95273
-121.08495
-121.09972
-121.12472
-121.18722
-121.24941
-120.96861
-120.90694
-120.71911
-120.52917
-119.96157
-119.79073
-120.45583
-121.06139
-121.0275
-120.84667
-120.56438
-120.6125
-120.61417
-121.08833
-121.2125
-121.27167
-120.84694
-120.74806
-120.27472
-120.72111
-120.72333
-120.76022
-120.76188
-120.76133
-120.77688
-120.77716
-120.78438
-120.78439
-120.78466
-120.78494
-120.78577
-120.78583
-120.78716
-120.75966
-120.75972
-120.76022
-120.97217
-120.90722
-120.90911
-120.91245
-120.92161
-120.92215
-120.92098
-120.92411
-120.92467
-120.92578
-120.92652
-120.928
-120.85161
-120.85467
-120.855
-120.85717
-120.98722
-120.9875
-120.98944
-120.99389
-120.995
-120.99583
-121.00444
-121.02472
-121.02778
-121.02778
-120.57382
-120.65611
-120.81361
-120.88944
-120.98412
-121.04139
-121.19028
-120.96467
-120.96578
-120.96745
-121.10139
-121.1519
-121.15162
-121.18278
-121.19889
-120.75972
-122.45446
-122.46168
-122.46168
-122.53694
-122.53891
-122.53946
-122.54698
-122.59891
-122.6203
-122.77919
-123.21698
-123.34698
-123.0567
-123.12587
-123.39393
-122.77863
-122.78167
-122.80639
-122.80722
-122.80944
-122.93336
-122.93836
-123.00669
-123.02083
-123.05306
-123.06833
-122.69806
-122.70056
-122.70639
-122.70722