39.16156
39.16351
39.1624
39.15879
39.05139
39.08184
39.10795
38.63546
38.63574
38.6399
38.63768
38.64268
38.64963
38.66824
38.6749
38.64963
38.6574
38.66944
39.23462
39.30629
39.25351
39.21351
39.17712
39.06267
39.01851
39.00017
38.98434
39.22934
39.19629
39.19212
39.19545
39.22851
39.22851
39.22851
39.22767
39.22656
39.22851
39.22879
39.22879
39.22573
39.24601
39.23767
39.24156
39.24017
39.24795
39.23823
39.23767
39.2824
39.26462
39.26156
39.23629
39.24267
39.24267
39.23351
39.22962
39.22462
39.18767
39.18851
39.21462
39.21601
39.2149
39.21629
39.21073
39.23083
39.23083
39.22851
39.23156
39.22962
39.23101
39.23073
39.22934
39.23795
39.24351
39.23351
39.23073
39.27434
39.26962
39.27389
39.27406
39.27406
39.27073
39.27212
39.22406
39.22406
39.22406
39.2249
39.22472
39.2124
39.21184
39.2124
39.21295
39.21379
39.27823
39.27851
39.1374
39.16406
39.13129
39.17306
39.16823
39.20962
39.21018
39.21129
39.19601
39.17694
39.23073
39.23045
39.20406
39.20629
39.20212
39.20268
39.19545
39.29573
39.29184
39.27128
39.26712
39.24434
39.27611
39.27083
39.29101
39.25934
39.23509
39.22012
39.21934
39.20823
39.19164
39.18325
39.14434
39.13608
39.21667
39.21778
39.21611
39.21806
39.21389
39.21639
39.52185
39.43851
39.41684
39.39406
39.38222
39.34333
39.33056
40.00739
40.02472
39.975
39.85684
39.77972
37.61021
37.67132
38.5675
39.16528
39.12278
39.29833
39.32129
39.35611
38.60889
39.67611
39.55056
39.71028
39.86139
38.77611
38.75722
39.02222
38.99917
39.33934
39.33795
39.33879
39.34573
39.3449
39.33962
39.35212
39.35434
39.35518
39.3374
39.33417
39.33518
39.4199
39.42083
39.42018
39.33712
39.36444
39.36406
39.36628
39.36434
39.36217
39.36747
39.36684
39.35295
39.34906
39.34872
39.34434
39.35712
39.35295
39.35583
39.35517
39.29056
39.29083
39.29111
39.295
39.29972
39.29889
39.30278
39.30083
39.30194
39.30056
39.3299
39.31972
39.35528
39.34028
39.33017
39.32722
39.29278
39.32767
39.32684
39.32628
39.32278
39.32489
39.32684
39.29556
39.29056
39.42083
41.15765
41.15432
41.15432
41.12664
41.12598
41.12515
41.13704
41.04959
41.00848
40.75542
40.7407
40.78208
40.78959
40.82764
40.93236
40.75431
40.75194
40.75389
40.75361
40.75167
40.65792
40.65737
40.73598
40.73361
40.72917
40.75083
41.05361
41.05389
41.08389
41.10889